49380	
40769	
44601	
3621	
87721	
10853	
91451	
22878	
30864	
80333	
56413	
77062	
38286	
50497	
71084	
16806	
92515	
60561	
93105	
49146	
28811	
43646	
92011	
57379	
64453	
58537	
9873	
77792	
22844	
54097	
38897	
92748	
38585	
4038	
58053	
47021	
48025	
16000	
5995	
62036	
47299	
15895	
72029	
83736	
95254	
5109	
7299	
70020	
39834	
69328	
59588	
63723	
8640	
34533	
72878	
88156	
75574	
33864	
5906	
61981	
20065	
46912	
36744	
52263	
26968	
94892	
42258	
50375	
4813	
71378	
56243	
28769	
36244	
71104	
21618	
4866	
69782	
79705	
17881	
89098	
48253	
97586	
31738	
3072	
45295	
23309	
30875	
78674	
68254	
58670	
2251	
29488	
31265	
92671	
37890	
97007	
60788	
57458	
44030	
422	
49981	
22052	
69290	
38528	
67477	
50924	
53494	
80330	
74247	
51775	
67417	
97533	
94886	
52731	
42958	
44643	
8965	
37072	
19710	
80141	
54123	
41550	
85724	
98668	
13515	
9438	
4239	
20664	
15971	
60624	
7064	
53607	
66667	
80752	
75552	
92886	
96791	
58542	
37771	
48898	
4047	
16791	
67027	
26199	
72023	
76376	
50227	
9477	
20334	
32280	
27527	
21026	
98044	
36783	
27517	
52998	
89061	
95858	
57552	
31416	
6015	
97717	
3055	
82759	
37100	
49512	
47407	
50695	
25188	
6003	
99251	
76249	
75029	
41241	
55040	
36642	
4364	
76809	
3028	
15112	
97711	
59750	
34539	
83490	
76178	
35027	
8099	
73040	
62143	
51387	
36760	
12216	
79435	
19293	
59843	
24315	
28241	
39325	
89816	
84410	
27640	
1169	
20323	
16122	
5174	
25424	
33397	
69749	
26223	
72245	
94594	
60834	
25331	
82782	
11228	
60113	
71977	
60540	
55631	
47860	
51800	
78510	
25621	
18927	
65592	
88883	
84091	
67178	
77510	
35345	
2133	
49592	
56355	
29339	
79356	
89645	
43082	
22916	
89847	
52101	
80656	
50450	
9593	
59869	
64393	
50010	
91702	
16261	
76562	
86911	
61572	
8920	
76556	
29659	
27639	
85089	
18126	
92629	
43286	
69324	
4570	
80075	
35107	
960	
20486	
3656	
76926	
64663	
20029	
65844	
61218	
98645	
31547	
28690	
48983	
16345	
65257	
33870	
30711	
19866	
40541	
71829	
13714	
83134	
1340	
170	
28963	
14931	
11206	
39048	
72601	
49900	
48703	
56174	
94463	
66161	
29781	
7819	
30467	
95181	
22139	
9996	
75558	
12908	
56417	
30098	
8022	
42094	
83154	
1558	
69054	
21114	
13129	
92445	
72049	
42101	
22986	
82934	
43577	
4939	
29106	
59605	
30075	
87680	
61931	
53472	
50879	
38073	
14130	
69924	
26395	
97868	
22839	
63350	
76087	
55072	
61920	
56765	
13541	
55344	
5698	
15848	
19579	
30816	
49490	
9981	
10030	
17494	
85288	
65095	
50275	
78081	
60987	
16766	
29109	
4481	
86958	
71858	
39751	
97395	
57008	
29384	
7123	
35034	
1121	
77832	
94640	
75775	
15878	
97025	
89571	
40619	
75448	
41168	
70520	
65724	
70058	
68922	
76518	
20153	
42251	
28511	
37	
8948	
15816	
65159	
36042	
47373	
28524	
21310	
72006	
22397	
70621	
37990	
42637	
62739	
20013	
62856	
3576	
95648	
54435	
9054	
47776	
60083	
18946	
21048	
61286	
57292	
62610	
4969	
38459	
41392	
15513	
52667	
61104	
24801	
72285	
97608	
89132	
66397	
55731	
86632	
98358	
14411	
30944	
99944	
58302	
86629	
4950	
12385	
5313	
3483	
17031	
69854	
10314	
99061	
81134	
23838	
10275	
85702	
76666	
16907	
40774	
79335	
76264	
46081	
25208	
6447	
54612	
74800	
82211	
98410	
68154	
25209	
91913	
77729	
90084	
41363	
11823	
24364	
17400	
56349	
33183	
27204	
29921	
20154	
16209	
69829	
58629	
8433	
25507	
64017	
86988	
69573	
29344	
21362	
17537	
41626	
41334	
93646	
68876	
32390	
82417	
89389	
81331	
77525	
89653	
45992	
16740	
20516	
19907	
89099	
88242	
56977	
10031	
17189	
18077	
935	
89104	
51761	
24934	
2061	
60924	
57880	
64655	
4760	
53550	
55004	
2446	
70069	
69840	
86541	
47636	
80047	
94183	
8863	
9915	
10512	
31748	
76688	
10891	
60834	
70513	
46679	
98400	
7102	
46921	
70160	
69726	
87050	
29342	
17183	
12224	
76439	
79086	
70630	
87998	
47968	
96834	
60357	
17463	
78458	
34947	
62597	
86637	
66098	
65856	
82990	
34946	
41126	
77195	
98967	
36749	
39863	
59332	
92690	
60761	
19066	
8271	
33656	
3094	
52975	
43202	
36285	
41627	
17565	
11101	
29793	
1624	
66316	
89706	
19739	
3859	
33550	
3508	
77255	
5531	
15620	
95295	
69043	
5720	
54165	
20246	
57597	
25467	
82013	
78884	
44370	
20847	
27799	
62614	
45532	
36764	
38175	
3855	
13358	
86256	
51706	
53150	
41729	
64669	
46440	
70212	
30986	
70392	
54485	
66378	
82034	
25738	
64618	
74413	
75914	
1696	
73908	
51819	
85913	
82780	
23746	
28343	
35146	
31508	
93959	
70859	
50202	
83607	
65851	
41923	
68816	
66407	
4614	
69505	
46133	
473	
13450	
14021	
38473	
7275	
61390	
6725	
43752	
68545	
39869	
35815	
44762	
28209	
55992	
86409	
38194	
27776	
73941	
31756	
15589	
71915	
45906	
60822	
64654	
79414	
36029	
30193	
17944	
75521	
59158	
89669	
79196	
67208	
71975	
50969	
84901	
8066	
39712	
77936	
21644	
76928	
1354	
99981	
45612	
29938	
71086	
38965	
98296	
66099	
63318	
77651	
27522	
11392	
29685	
56953	
75757	
81489	
35493	
54385	
92349	
53203	
4530	
11679	
62216	
60415	
32897	
50653	
45999	
4819	
98270	
52378	
86593	
40805	
27388	
91699	
91458	
26288	
51467	
17427	
72454	
4290	
36199	
79424	
72015	
4609	
6734	
56452	
41806	
11692	
1927	
54341	
79805	
12513	
57682	
14139	
45109	
59055	
63956	
86900	
54635	
54329	
49173	
34313	
18445	
41942	
12467	
66419	
89123	
89060	
44195	
64751	
78115	
20024	
90348	
33154	
88232	
84479	
58375	
67204	
11666	
23138	
76270	
49220	
12560	
27204	
99286	
19077	
86752	
44306	
61773	
6880	
35278	
61823	
11184	
37329	
43859	
93640	
12498	
31158	
41564	
10937	
31670	
44085	
8948	
89554	
48704	
32392	
95298	
37173	
73661	
77735	
91902	
88658	
1141	
22944	
63580	
98764	
23576	
23167	
33353	
50480	
69318	
54826	
99831	
37566	
83533	
48352	
36489	
69288	
81261	
62689	
69404	
24140	
97383	
73248	
99849	
28638	
8408	
59827	
86029	
7170	
92079	
59791	
51401	
30929	
22490	
95612	
54841	
45420	
14321	
51421	
76385	
15058	
86641	
21288	
50351	
49571	
5543	
22206	
9029	
42325	
17619	
76362	
5439	
68588	
78404	
23228	
66552	
99148	
70687	
29342	
90343	
72701	
48826	
62315	
27734	
23008	
11123	
33357	
7341	
61061	
31591	
78604	
20540	
89784	
82898	
75989	
88277	
66896	
66515	
61156	
67720	
30278	
35931	
8364	
89277	
62673	
49846	
75942	
33174	
58880	
52439	
75427	
19338	
9028	
84529	
23945	
56966	
76998	
79621	
10089	
11840	
26989	
83534	
61972	
96950	
17875	
38666	
69010	
99018	
85231	
79368	
58873	
80575	
61539	
55547	
39706	
56696	
36621	
17444	
51388	
47983	
66555	
91439	
89884	
95447	
73306	
22962	
46952	
31258	
51379	
73150	
49738	
82255	
55234	
87166	
22185	
68074	
50246	
58499	
71375	
8298	
50596	
99306	
76692	
47952	
32755	
86191	
78590	
73412	
24196	
57466	
64807	
55928	
84356	
26071	
36347	
61106	
23474	
76329	
54579	
38042	
46379	
12436	
21743	
71286	
95515	
31528	
15428	
57843	
54207	
33334	
23351	
20569	
705	
28782	
23907	
80158	
35551	
28252	
69974	
38454	
33254	
65189	
74823	
19551	
66439	
73392	
94137	
74572	
450	
92487	
29673	
61427	
40276	
98318	
9160	
17882	
7272	
26578	
95769	
85319	
87074	
42456	
62594	
1316	
34014	
24513	
96278	
48905	
72513	
96200	
77310	
28997	
4895	
44200	
51764	
13490	
